,data,valor
0,1993.01,3065.845
1,1993.02,3496.385
2,1993.03,4217.929
3,1993.04,6031.501
4,1993.05,7366.594
5,1993.06,10027.802
6,1993.07,13128.319
7,1993.08,18117.481
8,1993.09,26189.326
9,1993.1,33226.744
10,1993.11,45035.373
11,1993.12,65267.792
12,1994.01,32992.0
13,1994.02,47164.0
14,1994.03,56118.0
15,1994.04,89155.0
16,1994.05,145760.0
17,1994.06,209994.0
18,1994.07,240480.0
19,1994.08,315442.0
20,1994.09,357645.0
21,1994.1,355265.0
22,1994.11,368054.0
23,1994.12,366703.0
24,1995.01,406725.0
25,1995.02,268241.0
26,1995.03,428957.0
27,1995.04,373563.0
28,1995.05,392773.0
29,1995.06,388047.0
30,1995.07,401667.0
31,1995.08,369864.0
32,1995.09,377751.0
33,1995.1,420813.0
34,1995.11,409177.0
35,1995.12,382570.0
36,1996.01,452391.0
37,1996.02,392445.0
38,1996.03,392630.0
39,1996.04,426010.0
40,1996.05,428062.0
41,1996.06,457452.0
42,1996.07,441177.0
43,1996.08,474328.0
44,1996.09,477812.0
45,1996.1,437956.0
46,1996.11,473149.0
47,1996.12,576447.0
48,1997.01,341028.0
49,1997.02,441472.0
50,1997.03,410500.0
51,1997.04,451864.0
52,1997.05,472429.0
53,1997.06,483510.0
54,1997.07,508907.0
55,1997.08,484537.0
56,1997.09,453925.0
57,1997.1,502905.0
58,1997.11,484984.0
59,1997.12,605583.0
60,1998.01,331129.0
61,1998.02,408833.0
62,1998.03,439984.0
63,1998.04,472391.0
64,1998.05,454767.0
65,1998.06,472321.0
66,1998.07,487186.0
67,1998.08,480992.0
68,1998.09,494260.0
69,1998.1,480075.0
70,1998.11,481266.0
71,1998.12,575352.0
72,1999.01,378840.0
73,1999.02,432637.0
74,1999.03,454923.0
75,1999.04,478372.0
76,1999.05,508894.0
77,1999.06,498907.0
78,1999.07,517617.0
79,1999.08,660080.0
80,1999.09,600170.0
81,1999.1,564084.0
82,1999.11,584724.0
83,1999.12,791874.0
84,2000.01,522967.0
85,2000.02,515521.0
86,2000.03,548379.0
87,2000.04,569014.0
88,2000.05,609462.0
89,2000.06,623956.0
90,2000.07,623039.0
91,2000.08,682414.0
92,2000.09,687909.0
93,2000.1,689372.0
94,2000.11,716210.0
95,2000.12,774114.0
96,2001.01,692801.0
97,2001.02,676833.0
98,2001.03,694217.0
99,2001.04,735875.0
100,2001.05,738047.0
101,2001.06,744139.0
102,2001.07,755697.0
103,2001.08,772331.0
104,2001.09,757085.0
105,2001.1,752068.0
106,2001.11,822556.0
107,2001.12,1082167.0
108,2002.01,708941.0
109,2002.02,718249.0
110,2002.03,685367.0
111,2002.04,753129.0
112,2002.05,783955.0
113,2002.06,833005.0
114,2002.07,702690.0
115,2002.08,837367.0
116,2002.09,834648.0
117,2002.1,843613.0
118,2002.11,956364.0
119,2002.12,886288.0
120,2003.01,856170.0
121,2003.02,892038.0
122,2003.03,861884.0
123,2003.04,879146.0
124,2003.05,887234.0
125,2003.06,937922.0
126,2003.07,912709.0
127,2003.08,901367.0
128,2003.09,942860.0
129,2003.1,946595.0
130,2003.11,981263.0
131,2003.12,1027137.0
132,2004.01,1026574.0
133,2004.02,942809.0
134,2004.03,942702.0
135,2004.04,1028669.0
136,2004.05,1013192.0
137,2004.06,1054090.0
138,2004.07,1097472.0
139,2004.08,1244833.0
140,2004.09,1164068.0
141,2004.1,1186915.0
142,2004.11,1236269.0
143,2004.12,1284164.0
144,2005.01,1268725.0
145,2005.02,1148678.0
146,2005.03,1164519.0
147,2005.04,1212315.0
148,2005.05,1278487.0
149,2005.06,1534550.0
150,2005.07,1379840.0
151,2005.08,1311333.0
152,2005.09,1341825.0
153,2005.1,1286886.0
154,2005.11,1319802.0
155,2005.12,1390891.0
156,2006.01,1405100.0
157,2006.02,1280467.0
158,2006.03,1298560.0
159,2006.04,1305141.0
160,2006.05,1358557.0
161,2006.06,1429943.0
162,2006.07,1449007.0
163,2006.08,1437895.0
164,2006.09,1487260.0
165,2006.1,1516113.0
166,2006.11,1514357.0
167,2006.12,1535640.0
168,2007.01,1582450.0
169,2007.02,1497767.0
170,2007.03,1424181.0
171,2007.04,1517035.0
172,2007.05,1532072.0
173,2007.06,1576171.0
174,2007.07,1637495.0
175,2007.08,1640412.0
176,2007.09,1690233.0
177,2007.1,1703893.0
178,2007.11,1760419.0
179,2007.12,1771067.0
180,2008.01,1817358.0
181,2008.02,1779843.0
182,2008.03,2219407.0
183,2008.04,1780787.0
184,2008.05,1845053.0
185,2008.06,1913388.0
186,2008.07,1922906.0
187,2008.08,1979997.0
188,2008.09,2063536.0
189,2008.1,2057444.0
190,2008.11,1992915.0
191,2008.12,1841666.0
192,2009.01,1751719.0
193,2009.02,1649324.0
194,2009.03,1640352.0
195,2009.04,1743817.0
196,2009.05,1767506.0
197,2009.06,1812323.0
198,2009.07,1819087.0
199,2009.08,1917515.0
200,2009.09,1984397.0
201,2009.1,2072425.0
202,2009.11,2123219.0
203,2009.12,2067105.0
204,2010.01,2056652.0
205,2010.02,1902185.0
206,2010.03,1957225.0
207,2010.04,2164947.0
208,2010.05,2142508.0
209,2010.06,2177458.0
210,2010.07,2322841.0
211,2010.08,3289698.0
212,2010.09,2294677.0
213,2010.1,2248874.0
214,2010.11,2315663.0
215,2010.12,2314779.0
216,2011.01,2356876.0
217,2011.02,2133219.0
218,2011.03,2233889.0
219,2011.04,2461271.0
220,2011.05,2148501.0
221,2011.06,2482333.0
222,2011.07,2441145.0
223,2011.08,2488538.0
224,2011.09,2589989.0
225,2011.1,2549456.0
226,2011.11,2545422.0
227,2011.12,2788468.0
228,2012.01,2663415.0
229,2012.02,2286807.0
230,2012.03,2519049.0
231,2012.04,2673853.0
232,2012.05,2525834.0
233,2012.06,2677055.0
234,2012.07,2678343.0
235,2012.08,2716834.0
236,2012.09,2771210.0
237,2012.1,2769360.0
238,2012.11,2799858.0
239,2012.12,3018409.0
240,2013.01,2976566.0
241,2013.02,2739520.0
242,2013.03,2548103.0
243,2013.04,2848971.0
244,2013.05,2891483.0
245,2013.06,2871347.0
246,2013.07,2924560.0
247,2013.08,3033065.0
248,2013.09,3132923.0
249,2013.1,3251365.0
250,2013.11,3171999.0
251,2013.12,3553055.0
252,2014.01,3202911.0
253,2014.02,3181795.0
254,2014.03,2858123.15
255,2014.04,3021224.53
256,2014.05,2984997.26
257,2014.06,2985299.65
258,2014.07,2987430.58
259,2014.08,3132100.16
260,2014.09,3196587.24
261,2014.1,3327184.27
262,2014.11,3405951.55
263,2014.12,3280444.81
264,2015.01,3161822.98
265,2015.02,2912424.496
266,2015.03,2840740.27
267,2015.04,3107285.20
268,2015.05,3004468.51
269,2015.06,3058024.03
270,2015.07,3056068.48
271,2015.08,3129785.45
272,2015.09,3155189.54
273,2015.1,3173985.27
274,2015.11,3316976.96
275,2015.12,3182727.44


